20
4 right
0 0 2 4
0 0 4 8
0 2 16 32
0 2 2 16
4 up
0 0 2 4
0 0 4 8
0 2 16 32
0 0 4 16
4 up
0 0 0 0
0 0 0 0
0 0 0 0
0 0 0 0
4 down
2 2 2 2
2 2 2 2
2 2 2 2
2 2 2 2
4 left
2 2 2 2
2 2 2 2
2 2 2 2
2 2 2 2
4 right
2 2 2 2
2 2 2 2
2 2 2 2
2 2 2 2
4 up
2 2 2 2
2 2 2 2
2 2 2 2
2 2 2 2
4 left
2 2 4 4
2 2 4 4
2 2 4 4
2 2 4 4
4 down
1024 1024 1024 1024
1024 1024 1024 1024
1024 1024 1024 1024
1024 1024 1024 1024
4 left
1024 1024 1024 1024
1024 1024 1024 1024
1024 1024 1024 1024
1024 1024 1024 1024
4 right
1024 1024 1024 1024
1024 1024 1024 1024
1024 1024 1024 1024
1024 1024 1024 1024
4 up
1024 1024 1024 1024
1024 1024 1024 1024
1024 1024 1024 1024
1024 1024 1024 1024
4 left
0 0 0 512
64 256 0 128
0 128 0 512
0 0 0 0
4 down
0 64 0 0
0 0 256 2
0 0 0 0
0 4 0 0
4 down
0 0 0 4
0 0 0 0
0 4 2 2
0 0 0 2
4 down
4 0 2 4
0 0 0 0
0 0 0 4
4 4 4 0
4 down
2 2 512 4
256 0 4 512
128 128 32 8
4 1024 4 2
4 up
4 1024 64 2
0 16 2 2
32 64 0 0
256 128 4 128
4 up
32 256 2 4
4 2 4 4
32 4 512 0
2 2 2 4
4 up
0 2 2 4
8 4 64 2
2 128 2 2
8 4 16 4
