20
4 right
0 0 2 4
0 0 4 8
0 2 16 32
0 2 2 16
4 up
0 0 2 4
0 0 4 8
0 2 16 32
0 0 4 16
4 up
0 0 0 0
0 0 0 0
0 0 0 0
0 0 0 0
4 down
2 2 2 2
2 2 2 2
2 2 2 2
2 2 2 2
4 left
2 2 2 2
2 2 2 2
2 2 2 2
2 2 2 2
4 right
2 2 2 2
2 2 2 2
2 2 2 2
2 2 2 2
4 up
2 2 2 2
2 2 2 2
2 2 2 2
2 2 2 2
4 left
2 2 4 4
2 2 4 4
2 2 4 4
2 2 4 4
4 down
1024 1024 1024 1024
1024 1024 1024 1024
1024 1024 1024 1024
1024 1024 1024 1024
4 left
1024 1024 1024 1024
1024 1024 1024 1024
1024 1024 1024 1024
1024 1024 1024 1024
4 right
1024 1024 1024 1024
1024 1024 1024 1024
1024 1024 1024 1024
1024 1024 1024 1024
4 up
1024 1024 1024 1024
1024 1024 1024 1024
1024 1024 1024 1024
1024 1024 1024 1024
4 up
0 0 0 256
0 0 0 1024
16 0 2 0
0 0 0 0
4 right
2 128 0 0
0 2 0 0
0 0 0 0
2 0 0 0
4 down
0 0 0 0
0 0 0 2
0 0 2 4
0 0 0 0
4 right
0 0 2 0
2 0 0 2
2 4 8 4
2 0 0 2
4 left
1024 1024 2 4
2 4 0 4
4 4 0 32
32 0 256 1024
4 left
2 0 0 0
256 2 8 0
0 32 256 512
1024 0 4 2
4 up
0 256 2 2
0 4 2 2
16 0 2 0
4 2 2 4
4 left
2 4 4 16
128 2 4 32
2 4 256 2
128 2 1024 2
